[gd_scene load_steps=19 format=3 uid="uid://db78l0b53215y"]

[ext_resource type="Texture2D" uid="uid://c4ar7w2hux7pu" path="res://images/PurplyBlueSky.png" id="1_ytf6a"]
[ext_resource type="PackedScene" uid="uid://bvnq4ywoa0omv" path="res://LoafbrrAssets/MineAndCavesSet/scenes/Ground/Ground_Mines/ground_mines_a.tscn" id="2_winj4"]
[ext_resource type="Script" path="res://models/world/terrain/past_object.gd" id="3_1knct"]
[ext_resource type="PackedScene" uid="uid://cbut3xmla7mq3" path="res://LoafbrrAssets/MineAndCavesSet/scenes/Wall/Wall_Mines/wall_mines_a.tscn" id="3_4wuft"]
[ext_resource type="PackedScene" uid="uid://d0bbllal0am4n" path="res://scenes/player.tscn" id="3_xgt5b"]
[ext_resource type="PackedScene" uid="uid://c8dxtgd0mkg8t" path="res://LoafbrrAssets/MineAndCavesSet/scenes/Mine_Carts/mine_cart_ba.tscn" id="4_32iis"]
[ext_resource type="PackedScene" uid="uid://bdn3e7mqv1d8" path="res://LoafbrrAssets/MineAndCavesSet/scenes/Cave_Platform/cave_platform_a.tscn" id="4_dd1jn"]
[ext_resource type="PackedScene" uid="uid://m2h4fbycsv2x" path="res://LoafbrrAssets/MineAndCavesSet/scenes/Mine_Carts/mine_cart_aa.tscn" id="4_dkudx"]
[ext_resource type="PackedScene" uid="uid://iif4pmyrvx5m" path="res://LoafbrrAssets/MineAndCavesSet/scenes/Mine_Carts/mine_cart_ca.tscn" id="4_u5ec8"]
[ext_resource type="Script" path="res://models/world/terrain/future_object.gd" id="5_jovua"]
[ext_resource type="PackedScene" uid="uid://bx3mjtpa1s527" path="res://LoafbrrAssets/MineAndCavesSet/scenes/Panel_Wood/panel_wood_entrance_b.tscn" id="5_n0lmn"]
[ext_resource type="PackedScene" uid="uid://0nrf7ptm47u5" path="res://LoafbrrAssets/MineAndCavesSet/scenes/Panel_Wood/panel_wood_a.tscn" id="6_n77d6"]
[ext_resource type="PackedScene" uid="uid://vawfhl5k48p4" path="res://LoafbrrAssets/MineAndCavesSet/scenes/Wood_Platform/wood_platform_45_deg_a.tscn" id="12_m5u0a"]
[ext_resource type="AudioStream" uid="uid://dnu0rmtg0g7dr" path="res://audio/jaskina(1).mp3" id="13_i12so"]

[sub_resource type="PanoramaSkyMaterial" id="PanoramaSkyMaterial_pyglq"]
panorama = ExtResource("1_ytf6a")

[sub_resource type="Sky" id="Sky_l3gwo"]
sky_material = SubResource("PanoramaSkyMaterial_pyglq")

[sub_resource type="Environment" id="Environment_oknjo"]
background_mode = 2
background_energy_multiplier = 0.85
sky = SubResource("Sky_l3gwo")
ambient_light_source = 1

[sub_resource type="BoxShape3D" id="BoxShape3D_nc7au"]
size = Vector3(13.4158, 1, 12.4136)

[node name="Main" type="Node3D"]

[node name="SubViewportContainer" type="SubViewportContainer" parent="."]
texture_filter = 1
anchors_preset = 15
anchor_right = 1.0
anchor_bottom = 1.0
grow_horizontal = 2
grow_vertical = 2
stretch = true
stretch_shrink = 2

[node name="SubViewport" type="SubViewport" parent="SubViewportContainer"]
handle_input_locally = false
size = Vector2i(960, 540)
render_target_update_mode = 4

[node name="Level" type="Node3D" parent="SubViewportContainer/SubViewport"]

[node name="Environment" type="Node3D" parent="SubViewportContainer/SubViewport/Level"]

[node name="SkyboxNormal" type="WorldEnvironment" parent="SubViewportContainer/SubViewport/Level/Environment"]
environment = SubResource("Environment_oknjo")

[node name="World" type="Node3D" parent="SubViewportContainer/SubViewport/Level"]

[node name="Terrain" type="Node3D" parent="SubViewportContainer/SubViewport/Level/World"]

[node name="Ground" type="Node3D" parent="SubViewportContainer/SubViewport/Level/World/Terrain"]

[node name="Ground_Mines_A" parent="SubViewportContainer/SubViewport/Level/World/Terrain/Ground" instance=ExtResource("2_winj4")]

[node name="Ground_Mines_A2" parent="SubViewportContainer/SubViewport/Level/World/Terrain/Ground" instance=ExtResource("2_winj4")]
transform = Transform3D(1, 0, 0, 0, 1, 0, 0, 0, 1, -4.03203, 0, 0)

[node name="Ground_Mines_A3" parent="SubViewportContainer/SubViewport/Level/World/Terrain/Ground" instance=ExtResource("2_winj4")]
transform = Transform3D(1, 0, 0, 0, 1, 0, 0, 0, 1, -8.06333, 0, 0)

[node name="Ground_Mines_A4" parent="SubViewportContainer/SubViewport/Level/World/Terrain/Ground" instance=ExtResource("2_winj4")]
transform = Transform3D(1, 0, 0, 0, 1, 0, 0, 0, 1, -12.0699, 0, 0)

[node name="Ground_Mines_A5" parent="SubViewportContainer/SubViewport/Level/World/Terrain/Ground" instance=ExtResource("2_winj4")]
transform = Transform3D(1, 0, 0, 0, 1, 0, 0, 0, 1, -16.1019, 0, 0)

[node name="Ground_Mines_A10" parent="SubViewportContainer/SubViewport/Level/World/Terrain/Ground" instance=ExtResource("2_winj4")]
transform = Transform3D(1, 0, 0, 0, 1, 0, 0, 0, 1, -12.0699, 0, -3.92376)

[node name="Ground_Mines_A11" parent="SubViewportContainer/SubViewport/Level/World/Terrain/Ground" instance=ExtResource("2_winj4")]
transform = Transform3D(1, 0, 0, 0, 1, 0, 0, 0, 1, -16.1019, 0, -3.92376)

[node name="Ground_Mines_A12" parent="SubViewportContainer/SubViewport/Level/World/Terrain/Ground" instance=ExtResource("2_winj4")]
transform = Transform3D(0.938938, 0, 0.344086, 0, 1, 0, -0.344086, 0, 0.938938, -17.7522, 0, -5.26585)

[node name="Ground_Mines_A23" parent="SubViewportContainer/SubViewport/Level/World/Terrain/Ground" instance=ExtResource("2_winj4")]
transform = Transform3D(0.998721, 0, -0.0505581, 0, 1, 0, 0.0505581, 0, 0.998721, -17.0659, 0, -1.21357)

[node name="Ground_Mines_A15" parent="SubViewportContainer/SubViewport/Level/World/Terrain/Ground" instance=ExtResource("2_winj4")]
transform = Transform3D(1, 0, 0, 0, 1, 0, 0, 0, 1, -16.1019, 0, -7.75477)

[node name="Ground_Mines_A28" parent="SubViewportContainer/SubViewport/Level/World/Terrain/Ground" instance=ExtResource("2_winj4")]
transform = Transform3D(1, 0, 0, 0, 1, 0, 0, 0, 1, -12.1446, 0, -7.75477)

[node name="Ground_Mines_A16" parent="SubViewportContainer/SubViewport/Level/World/Terrain/Ground" instance=ExtResource("2_winj4")]
transform = Transform3D(0.712577, 0, 0.701594, 0, 1, 0, -0.701594, 0, 0.712577, -19.9423, 0, -8.42059)

[node name="Ground_Mines_A17" parent="SubViewportContainer/SubViewport/Level/World/Terrain/Ground" instance=ExtResource("2_winj4")]
transform = Transform3D(0.914692, 0, -0.404152, 0, 1, 0, 0.404152, 0, 0.914692, -24.9137, 0, 0.882963)

[node name="Ground_Mines_A27" parent="SubViewportContainer/SubViewport/Level/World/Terrain/Ground" instance=ExtResource("2_winj4")]
transform = Transform3D(0.896649, 0, 0.442743, 0, 1, 0, -0.442743, 0, 0.896649, -19.3242, 0, 0.535939)

[node name="Ground_Mines_A18" parent="SubViewportContainer/SubViewport/Level/World/Terrain/Ground" instance=ExtResource("2_winj4")]
transform = Transform3D(1, 0, 0, 0, 1, 0, 0, 0, 1, -28.003, 0, 0)

[node name="Ground_Mines_A20" parent="SubViewportContainer/SubViewport/Level/World/Terrain/Ground" instance=ExtResource("2_winj4")]
transform = Transform3D(1, 0, 0, 0, 0.991917, -0.126891, 0, 0.126891, 0.991917, -28.003, -0.267753, 3.94956)

[node name="Ground_Mines_A22" parent="SubViewportContainer/SubViewport/Level/World/Terrain/Ground" instance=ExtResource("2_winj4")]
transform = Transform3D(1, 0, 0, 0, 0.970393, -0.241532, 0, 0.241532, 0.970393, -28.003, -1.00836, 7.87835)

[node name="Ground_Mines_A24" parent="SubViewportContainer/SubViewport/Level/World/Terrain/Ground" instance=ExtResource("2_winj4")]
transform = Transform3D(1, 0, 0, 0, 1, 0, 0, 0, 1, -28.003, 0, -3.92376)

[node name="Ground_Mines_A25" parent="SubViewportContainer/SubViewport/Level/World/Terrain/Ground" instance=ExtResource("2_winj4")]
transform = Transform3D(0.859772, 0, -0.510678, 0, 1, 0, 0.510678, 0, 0.859772, -23.1533, 0, -11.0453)

[node name="Ground_Mines_A26" parent="SubViewportContainer/SubViewport/Level/World/Terrain/Ground" instance=ExtResource("2_winj4")]
transform = Transform3D(0.946604, 0, 0.322398, 0, 1, 0, -0.322398, 0, 0.946604, -28.5104, 0, -7.02548)

[node name="Walls" type="Node3D" parent="SubViewportContainer/SubViewport/Level/World/Terrain"]

[node name="Wall_Mines_A" parent="SubViewportContainer/SubViewport/Level/World/Terrain/Walls" instance=ExtResource("3_4wuft")]
transform = Transform3D(1, 0, 0, 0, 1, 0, 0, 0, 1, -2.38419e-07, -1.04602, 2.24914)

[node name="Wall_Mines_A2" parent="SubViewportContainer/SubViewport/Level/World/Terrain/Walls" instance=ExtResource("3_4wuft")]
transform = Transform3D(1, 0, 0, 0, 1, 0, 0, 0, 1, -4.13119, -1.04602, 2.24914)

[node name="Wall_Mines_A3" parent="SubViewportContainer/SubViewport/Level/World/Terrain/Walls" instance=ExtResource("3_4wuft")]
transform = Transform3D(1, 0, 0, 0, 1, 0, 0, 0, 1, -7.99585, -1.04602, 2.24914)

[node name="Wall_Mines_A15" parent="SubViewportContainer/SubViewport/Level/World/Terrain/Walls" instance=ExtResource("3_4wuft")]
transform = Transform3D(0.90912, 0, -0.416535, 0, 1, 0, 0.416535, 0, 0.90912, -11.8305, -1.03075, 1.49904)

[node name="Wall_Mines_A16" parent="SubViewportContainer/SubViewport/Level/World/Terrain/Walls" instance=ExtResource("3_4wuft")]
transform = Transform3D(0.841228, 0, -0.540681, 0, 1, 0, 0.540681, 0, 0.841228, -15.1066, -1.03076, -0.26905)

[node name="Wall_Mines_A17" parent="SubViewportContainer/SubViewport/Level/World/Terrain/Walls" instance=ExtResource("3_4wuft")]
transform = Transform3D(0.990266, 0, -0.13919, 0, 1, 0, 0.13919, 0, 0.990266, -18.6732, -1.03076, -1.74389)

[node name="Wall_Mines_A18" parent="SubViewportContainer/SubViewport/Level/World/Terrain/Walls" instance=ExtResource("3_4wuft")]
transform = Transform3D(0.928874, 0, 0.370395, -0.0186425, 0.998733, 0.0467516, -0.369926, -0.0503315, 0.927697, -22.38, -1.03076, -1.36847)

[node name="Wall_Mines_A47" parent="SubViewportContainer/SubViewport/Level/World/Terrain/Walls" instance=ExtResource("3_4wuft")]
transform = Transform3D(0.4982, 0, 0.867062, 0, 1, 0, -0.867062, 0, 0.4982, -25.3041, -1.03076, 0.943241)

[node name="Wall_Mines_A48" parent="SubViewportContainer/SubViewport/Level/World/Terrain/Walls" instance=ExtResource("3_4wuft")]
transform = Transform3D(0.0383183, 0, 0.999265, 0.115113, 0.993343, -0.00441416, -0.992613, 0.115197, 0.0380632, -26.4707, -1.42501, 4.38519)

[node name="Wall_Mines_A49" parent="SubViewportContainer/SubViewport/Level/World/Terrain/Walls" instance=ExtResource("3_4wuft")]
transform = Transform3D(0.0383183, 4.72594e-10, 0.999265, 0.0479255, 0.998849, -0.00183777, -0.998115, 0.0479606, 0.0382742, -26.6264, -1.82748, 7.56615)

[node name="Wall_Mines_A20" parent="SubViewportContainer/SubViewport/Level/World/Terrain/Walls" instance=ExtResource("3_4wuft")]
transform = Transform3D(0.975882, 0, 0.218296, 0, 1, 0, -0.218296, 0, 0.975882, -22.38, -4.8051, -1.36847)

[node name="Wall_Mines_A21" parent="SubViewportContainer/SubViewport/Level/World/Terrain/Walls" instance=ExtResource("3_4wuft")]
transform = Transform3D(0.975882, 0, 0.218296, 0, 1, 0, -0.218296, 0, 0.975882, -22.38, -8.50422, -1.36847)

[node name="Wall_Mines_A40" parent="SubViewportContainer/SubViewport/Level/World/Terrain/Walls" instance=ExtResource("3_4wuft")]
transform = Transform3D(1, 0, 0, 0, -4.37114e-08, -1, 0, 1, -4.37114e-08, -24.3215, -8.50422, -5.35739)

[node name="Wall_Mines_A41" parent="SubViewportContainer/SubViewport/Level/World/Terrain/Walls" instance=ExtResource("3_4wuft")]
transform = Transform3D(0.832757, -0.553639, 2.42003e-08, 0, -4.37114e-08, -1, 0.553638, 0.832757, -3.64009e-08, -25.0582, -8.50422, -9.78765)

[node name="Wall_Mines_A42" parent="SubViewportContainer/SubViewport/Level/World/Terrain/Walls" instance=ExtResource("3_4wuft")]
transform = Transform3D(0.832757, -0.553639, 2.42003e-08, 0, -4.37114e-08, -1, 0.553638, 0.832757, -3.64009e-08, -21.9132, -8.50422, -8.11794)

[node name="Wall_Mines_A43" parent="SubViewportContainer/SubViewport/Level/World/Terrain/Walls" instance=ExtResource("3_4wuft")]
transform = Transform3D(0.364665, -0.931138, 4.07013e-08, 1.47927e-15, -4.37114e-08, -1, 0.931138, 0.364665, -1.594e-08, -19.0005, -8.50422, -4.4157)

[node name="Wall_Mines_A22" parent="SubViewportContainer/SubViewport/Level/World/Terrain/Walls" instance=ExtResource("3_4wuft")]
transform = Transform3D(0.913318, 0, -0.407247, 0, 1, 0, 0.407247, 0, 0.913318, -24.7481, -4.11834, -1.02907)

[node name="Wall_Mines_A39" parent="SubViewportContainer/SubViewport/Level/World/Terrain/Walls" instance=ExtResource("3_4wuft")]
transform = Transform3D(0.913318, 0, -0.407247, 0, 1, 0, 0.407247, 0, 0.913318, -24.7481, -8.31847, -1.02907)

[node name="Wall_Mines_A25" parent="SubViewportContainer/SubViewport/Level/World/Terrain/Walls" instance=ExtResource("3_4wuft")]
transform = Transform3D(0.0353528, 0, -0.999375, -0.0535399, 0.998564, -0.00189397, 0.99794, 0.0535734, 0.035302, -26.1972, -4.20497, -3.84892)

[node name="Wall_Mines_A38" parent="SubViewportContainer/SubViewport/Level/World/Terrain/Walls" instance=ExtResource("3_4wuft")]
transform = Transform3D(0.0353528, 0, -0.999375, 0, 1, 0, 0.999375, 0, 0.0353528, -26.1972, -8.26802, -3.84892)

[node name="Wall_Mines_A26" parent="SubViewportContainer/SubViewport/Level/World/Terrain/Walls" instance=ExtResource("3_4wuft")]
transform = Transform3D(0.334958, 0, -0.942233, 0, 1, 0, 0.942233, 0, 0.334958, -26.8807, -4.16301, -7.60844)

[node name="Wall_Mines_A37" parent="SubViewportContainer/SubViewport/Level/World/Terrain/Walls" instance=ExtResource("3_4wuft")]
transform = Transform3D(0.334958, 0, -0.942233, 0, 1, 0, 0.942233, 0, 0.334958, -26.8807, -8.16981, -7.60844)

[node name="Wall_Mines_A23" parent="SubViewportContainer/SubViewport/Level/World/Terrain/Walls" instance=ExtResource("3_4wuft")]
transform = Transform3D(-0.308303, 0, 0.951288, -0.0494881, 0.998646, -0.0160386, -0.95, -0.0520222, -0.307886, -19.2428, -4.19979, -3.72528)

[node name="Wall_Mines_A32" parent="SubViewportContainer/SubViewport/Level/World/Terrain/Walls" instance=ExtResource("3_4wuft")]
transform = Transform3D(-0.308303, 0, 0.951288, 0, 1, 0, -0.951288, 0, -0.308303, -19.2428, -8.32953, -3.74054)

[node name="Wall_Mines_A30" parent="SubViewportContainer/SubViewport/Level/World/Terrain/Walls" instance=ExtResource("3_4wuft")]
transform = Transform3D(-0.610421, 0, 0.792077, 0, 1, 0, -0.792077, 0, -0.610421, -20.7227, -4.15753, -6.73748)

[node name="Wall_Mines_A33" parent="SubViewportContainer/SubViewport/Level/World/Terrain/Walls" instance=ExtResource("3_4wuft")]
transform = Transform3D(-0.610421, 0, 0.792077, 0, 1, 0, -0.792077, 0, -0.610421, -20.7227, -8.36519, -6.73748)

[node name="Wall_Mines_A24" parent="SubViewportContainer/SubViewport/Level/World/Terrain/Walls" instance=ExtResource("3_4wuft")]
transform = Transform3D(0.977783, 0, 0.209618, 0, 1, 0, -0.209618, 0, 0.977783, -19.8703, -4.20316, -1.81529)

[node name="Wall_Mines_A31" parent="SubViewportContainer/SubViewport/Level/World/Terrain/Walls" instance=ExtResource("3_4wuft")]
transform = Transform3D(0.977783, 0, 0.209618, 0, 1, 0, -0.209618, 0, 0.977783, -19.8703, -8.18926, -1.81529)

[node name="Wall_Mines_A4" parent="SubViewportContainer/SubViewport/Level/World/Terrain/Walls" instance=ExtResource("3_4wuft")]
transform = Transform3D(-1, 0, -8.74228e-08, 0, 1, 0, 8.74228e-08, 0, -1, -8.0566, -1.04602, -2.00057)

[node name="Wall_Mines_A8" parent="SubViewportContainer/SubViewport/Level/World/Terrain/Walls" instance=ExtResource("3_4wuft")]
transform = Transform3D(-0.67586, 0, 0.73703, 0, 1, 0, -0.73703, 0, -0.67586, -11.2977, -1.04602, -3.45458)

[node name="Wall_Mines_A9" parent="SubViewportContainer/SubViewport/Level/World/Terrain/Walls" instance=ExtResource("3_4wuft")]
transform = Transform3D(-0.5142, 0, 0.85767, 0, 1, 0, -0.85767, 0, -0.5142, -13.7617, -1.04602, -6.61641)

[node name="Wall_Mines_A10" parent="SubViewportContainer/SubViewport/Level/World/Terrain/Walls" instance=ExtResource("3_4wuft")]
transform = Transform3D(-0.946119, 0, 0.323818, 0, 1, 0, -0.323818, 0, -0.946119, -16.9045, -1.04602, -8.98121)

[node name="Wall_Mines_A11" parent="SubViewportContainer/SubViewport/Level/World/Terrain/Walls" instance=ExtResource("3_4wuft")]
transform = Transform3D(-0.99907, 0, 0.0431312, 0, 1, 0, -0.0431312, 0, -0.99907, -20.9113, -1.04602, -9.66739)

[node name="Wall_Mines_A29" parent="SubViewportContainer/SubViewport/Level/World/Terrain/Walls" instance=ExtResource("3_4wuft")]
transform = Transform3D(-0.8095, 0, 0.587122, 0, 1, 0, -0.587122, 0, -0.8095, -22.9444, -4.19385, -8.723)

[node name="Wall_Mines_A34" parent="SubViewportContainer/SubViewport/Level/World/Terrain/Walls" instance=ExtResource("3_4wuft")]
transform = Transform3D(-0.8095, 0, 0.587122, 0, 1, 0, -0.587122, 0, -0.8095, -23.0148, -8.19405, -8.69615)

[node name="Wall_Mines_A12" parent="SubViewportContainer/SubViewport/Level/World/Terrain/Walls" instance=ExtResource("3_4wuft")]
transform = Transform3D(-0.99907, 0, 0.0431312, 0, 1, 0, -0.0431312, 0, -0.99907, -24.848, -1.04602, -9.66739)

[node name="Wall_Mines_A28" parent="SubViewportContainer/SubViewport/Level/World/Terrain/Walls" instance=ExtResource("3_4wuft")]
transform = Transform3D(-0.99907, 0, 0.0431312, 0, 1, 0, -0.0431312, 0, -0.99907, -24.848, -4.54126, -9.66739)

[node name="Wall_Mines_A36" parent="SubViewportContainer/SubViewport/Level/World/Terrain/Walls" instance=ExtResource("3_4wuft")]
transform = Transform3D(-0.99907, 0, 0.0431312, 0, 1, 0, -0.0431312, 0, -0.99907, -24.848, -8.17624, -9.66739)

[node name="Wall_Mines_A13" parent="SubViewportContainer/SubViewport/Level/World/Terrain/Walls" instance=ExtResource("3_4wuft")]
transform = Transform3D(-0.837719, 0, -0.546102, 0, 1, 0, 0.546102, 0, -0.837719, -27.6793, -1.04602, -8.63553)

[node name="Wall_Mines_A27" parent="SubViewportContainer/SubViewport/Level/World/Terrain/Walls" instance=ExtResource("3_4wuft")]
transform = Transform3D(-0.837719, 0, -0.546102, 0, 1, 0, 0.546102, 0, -0.837719, -27.6793, -4.68826, -8.63553)

[node name="Wall_Mines_A35" parent="SubViewportContainer/SubViewport/Level/World/Terrain/Walls" instance=ExtResource("3_4wuft")]
transform = Transform3D(-0.837719, 0, -0.546102, 0, 1, 0, 0.546102, 0, -0.837719, -27.6793, -8.45603, -8.63553)

[node name="Wall_Mines_A14" parent="SubViewportContainer/SubViewport/Level/World/Terrain/Walls" instance=ExtResource("3_4wuft")]
transform = Transform3D(-0.234056, 0, -0.972223, 0, 1, 0, 0.972223, 0, -0.234056, -29.5618, -1.04602, -5.40055)

[node name="Wall_Mines_A19" parent="SubViewportContainer/SubViewport/Level/World/Terrain/Walls" instance=ExtResource("3_4wuft")]
transform = Transform3D(0.0235074, 0, -0.999724, 0, 1, 0, 0.999724, 0, 0.0235074, -29.9518, -1.04602, -1.47852)

[node name="Wall_Mines_A44" parent="SubViewportContainer/SubViewport/Level/World/Terrain/Walls" instance=ExtResource("3_4wuft")]
transform = Transform3D(0.0235074, 0, -0.999724, 0, 1, 0, 0.999724, 0, 0.0235074, -29.9518, -1.02406, 2.28639)

[node name="Wall_Mines_A45" parent="SubViewportContainer/SubViewport/Level/World/Terrain/Walls" instance=ExtResource("3_4wuft")]
transform = Transform3D(0.0235074, 0, -0.999724, -0.143159, 0.989694, -0.00336624, 0.989421, 0.143199, 0.0232651, -29.9518, -1.22078, 5.67661)

[node name="Wall_Mines_A46" parent="SubViewportContainer/SubViewport/Level/World/Terrain/Walls" instance=ExtResource("3_4wuft")]
transform = Transform3D(0.0235074, 7.91469e-10, -0.999724, -0.0647409, 0.997901, -0.00152231, 0.997625, 0.0647588, 0.0234581, -29.9065, -1.50395, 7.56934)

[node name="Wall_Mines_A50" parent="SubViewportContainer/SubViewport/Level/World/Terrain/Walls" instance=ExtResource("3_4wuft")]
transform = Transform3D(-1, 0, -8.74228e-08, 0, 1, 0, 8.74228e-08, 0, -1, -28.2931, -5.66136, 9.54737)

[node name="Wall_Mines_A51" parent="SubViewportContainer/SubViewport/Level/World/Terrain/Walls" instance=ExtResource("3_4wuft")]
transform = Transform3D(-1, 0, -8.74228e-08, 0, 1, 0, 8.74228e-08, 0, -1, -28.2931, -9.06808, 9.65662)

[node name="Wall_Mines_A53" parent="SubViewportContainer/SubViewport/Level/World/Terrain/Walls" instance=ExtResource("3_4wuft")]
transform = Transform3D(-1, 0, -8.74228e-08, 0, 1, 0, 8.74228e-08, 0, -1, -24.1085, -5.58475, 9.54737)

[node name="Wall_Mines_A54" parent="SubViewportContainer/SubViewport/Level/World/Terrain/Walls" instance=ExtResource("3_4wuft")]
transform = Transform3D(-1, 0, -8.74228e-08, 0, 1, 0, 8.74228e-08, 0, -1, -24.1085, -9.06808, 9.65662)

[node name="Wall_Mines_A55" parent="SubViewportContainer/SubViewport/Level/World/Terrain/Walls" instance=ExtResource("3_4wuft")]
transform = Transform3D(-1, 0, -8.74228e-08, 0, 1, 0, 8.74228e-08, 0, -1, -32.523, -5.58475, 9.54737)

[node name="Wall_Mines_A56" parent="SubViewportContainer/SubViewport/Level/World/Terrain/Walls" instance=ExtResource("3_4wuft")]
transform = Transform3D(-1, 0, -8.74228e-08, 0, 1, 0, 8.74228e-08, 0, -1, -32.4713, -9.06808, 9.65662)

[node name="Wall_Mines_A76" parent="SubViewportContainer/SubViewport/Level/World/Terrain/Walls" instance=ExtResource("3_4wuft")]
transform = Transform3D(-1.09403, 0, -8.74228e-08, 0, 1, 0, 9.56433e-08, 0, -1, -32.1641, -1.70977, 9.54934)

[node name="Wall_Mines_A77" parent="SubViewportContainer/SubViewport/Level/World/Terrain/Walls" instance=ExtResource("3_4wuft")]
transform = Transform3D(-1.09403, 0, -8.74228e-08, 0, 1, 0, 9.56433e-08, 0, -1, -24.6084, -1.70441, 9.65662)

[node name="Wall_Mines_A78" parent="SubViewportContainer/SubViewport/Level/World/Terrain/Walls" instance=ExtResource("3_4wuft")]
transform = Transform3D(0.0119337, 0, 0.999941, 0, 1, 0, -1.09397, 0, 0.010908, -22.1489, -1.70977, 12.0038)

[node name="Wall_Mines_A79" parent="SubViewportContainer/SubViewport/Level/World/Terrain/Walls" instance=ExtResource("3_4wuft")]
transform = Transform3D(0.0119337, 0, 0.999941, 0, 1, 0, -1.09397, 0, 0.010908, -22.1489, -1.70977, 16.0865)

[node name="Wall_Mines_A80" parent="SubViewportContainer/SubViewport/Level/World/Terrain/Walls" instance=ExtResource("3_4wuft")]
transform = Transform3D(0.0119337, 0, 0.999941, 0, 1, 0, -1.09397, 0, 0.010908, -22.2887, -1.70977, 19.6829)

[node name="Wall_Mines_A81" parent="SubViewportContainer/SubViewport/Level/World/Terrain/Walls" instance=ExtResource("3_4wuft")]
transform = Transform3D(-0.00559459, 0, -0.999987, 0, 1, 0, 1.09402, 0, -0.00511374, -34.5743, -1.81134, 19.6583)

[node name="Wall_Mines_A82" parent="SubViewportContainer/SubViewport/Level/World/Terrain/Walls" instance=ExtResource("3_4wuft")]
transform = Transform3D(-0.00559459, 0, -0.999987, 0, 1, 0, 1.09402, 0, -0.00511374, -34.598, -1.81134, 15.5757)

[node name="Wall_Mines_A83" parent="SubViewportContainer/SubViewport/Level/World/Terrain/Walls" instance=ExtResource("3_4wuft")]
transform = Transform3D(-0.00559459, 0, -0.999987, 0, 1, 0, 1.09402, 0, -0.00511374, -34.6188, -1.81134, 11.9794)

[node name="Wall_Mines_A84" parent="SubViewportContainer/SubViewport/Level/World/Terrain/Walls" instance=ExtResource("3_4wuft")]
transform = Transform3D(1.09402, 0, -0.00488685, 0, 1, 0, 0.00534636, 0, 0.999988, -24.653, -1.81134, 21.8483)

[node name="Wall_Mines_A85" parent="SubViewportContainer/SubViewport/Level/World/Terrain/Walls" instance=ExtResource("3_4wuft")]
transform = Transform3D(1.09402, 0, -0.00488685, 0, 1, 0, 0.00534636, 0, 0.999988, -28.7356, -1.81134, 21.8729)

[node name="Wall_Mines_A86" parent="SubViewportContainer/SubViewport/Level/World/Terrain/Walls" instance=ExtResource("3_4wuft")]
transform = Transform3D(1.09402, 0, -0.00488685, 0, 1, 0, 0.00534636, 0, 0.999988, -32.3319, -1.81134, 21.8945)

[node name="Wall_Mines_A57" parent="SubViewportContainer/SubViewport/Level/World/Terrain/Walls" instance=ExtResource("3_4wuft")]
transform = Transform3D(-4.37114e-08, 0, 1, 0, 1, 0, -1, 0, -4.37114e-08, -22.1242, -5.58475, 15.6413)

[node name="Wall_Mines_A58" parent="SubViewportContainer/SubViewport/Level/World/Terrain/Walls" instance=ExtResource("3_4wuft")]
transform = Transform3D(-4.37114e-08, 0, 1, 0, 1, 0, -1, 0, -4.37114e-08, -22.23, -9.06808, 15.6686)

[node name="Wall_Mines_A59" parent="SubViewportContainer/SubViewport/Level/World/Terrain/Walls" instance=ExtResource("3_4wuft")]
transform = Transform3D(-4.37114e-08, 0, 1, 0, 1, 0, -1, 0, -4.37114e-08, -22.3075, -5.58475, 19.6645)

[node name="Wall_Mines_A60" parent="SubViewportContainer/SubViewport/Level/World/Terrain/Walls" instance=ExtResource("3_4wuft")]
transform = Transform3D(-4.37114e-08, 0, 1, 0, 1, 0, -1, 0, -4.37114e-08, -22.4132, -9.06808, 19.6918)

[node name="Wall_Mines_A61" parent="SubViewportContainer/SubViewport/Level/World/Terrain/Walls" instance=ExtResource("3_4wuft")]
transform = Transform3D(-4.37114e-08, 0, 1, 0, 1, 0, -1, 0, -4.37114e-08, -22.054, -5.58475, 11.4499)

[node name="Wall_Mines_A62" parent="SubViewportContainer/SubViewport/Level/World/Terrain/Walls" instance=ExtResource("3_4wuft")]
transform = Transform3D(-4.37114e-08, 0, 1, 0, 1, 0, -1, 0, -4.37114e-08, -22.1597, -9.06808, 11.5021)

[node name="Wall_Mines_A64" parent="SubViewportContainer/SubViewport/Level/World/Terrain/Walls" instance=ExtResource("3_4wuft")]
transform = Transform3D(1, 0, 0.000942469, 0, 1, 0, -0.000942469, 0, 1, -28.549, -9.06809, 21.9311)

[node name="Wall_Mines_A65" parent="SubViewportContainer/SubViewport/Level/World/Terrain/Walls" instance=ExtResource("3_4wuft")]
transform = Transform3D(1, 0, 0.000942469, 0, 1, 0, -0.000942469, 0, 1, -32.7335, -5.58475, 22.0443)

[node name="Wall_Mines_A66" parent="SubViewportContainer/SubViewport/Level/World/Terrain/Walls" instance=ExtResource("3_4wuft")]
transform = Transform3D(1, 0, 0.000942469, 0, 1, 0, -0.000942469, 0, 1, -32.7336, -9.06809, 21.935)

[node name="Wall_Mines_A67" parent="SubViewportContainer/SubViewport/Level/World/Terrain/Walls" instance=ExtResource("3_4wuft")]
transform = Transform3D(1, 0, 0.000942469, 0, 1, 0, -0.000942469, 0, 1, -24.3189, -5.58475, 22.0363)

[node name="Wall_Mines_A68" parent="SubViewportContainer/SubViewport/Level/World/Terrain/Walls" instance=ExtResource("3_4wuft")]
transform = Transform3D(1, 0, 0.000942469, 0, 1, 0, -0.000942469, 0, 1, -24.3708, -9.06809, 21.9271)

[node name="Wall_Mines_A69" parent="SubViewportContainer/SubViewport/Level/World/Terrain/Walls" instance=ExtResource("3_4wuft")]
transform = Transform3D(0.000942425, 0, -1, 0, 1, 0, 1, 0, 0.000942425, -34.6377, -5.58475, 15.9522)

[node name="Wall_Mines_A70" parent="SubViewportContainer/SubViewport/Level/World/Terrain/Walls" instance=ExtResource("3_4wuft")]
transform = Transform3D(0.000942425, 0, -1, 0, 1, 0, 1, 0, 0.000942425, -34.6178, -9.06809, 15.9248)

[node name="Wall_Mines_A71" parent="SubViewportContainer/SubViewport/Level/World/Terrain/Walls" instance=ExtResource("3_4wuft")]
transform = Transform3D(0.000942425, 0, -1, 0, 1, 0, 1, 0, 0.000942425, -34.4583, -5.58475, 11.9289)

[node name="Wall_Mines_A72" parent="SubViewportContainer/SubViewport/Level/World/Terrain/Walls" instance=ExtResource("3_4wuft")]
transform = Transform3D(0.000942425, 0, -1, 0, 1, 0, 1, 0, 0.000942425, -34.4383, -9.06809, 11.9015)

[node name="Wall_Mines_A73" parent="SubViewportContainer/SubViewport/Level/World/Terrain/Walls" instance=ExtResource("3_4wuft")]
transform = Transform3D(0.000942425, 0, -1, 0, 1, 0, 1, 0, 0.000942425, -34.7039, -5.58475, 20.1437)

[node name="Wall_Mines_A74" parent="SubViewportContainer/SubViewport/Level/World/Terrain/Walls" instance=ExtResource("3_4wuft")]
transform = Transform3D(0.000942425, 0, -1, 0, 1, 0, 1, 0, 0.000942425, -34.6839, -9.06809, 20.0627)

[node name="Wall_Mines_A52" parent="SubViewportContainer/SubViewport/Level/World/Terrain/Walls" instance=ExtResource("3_4wuft")]
transform = Transform3D(-3, 4.52987e-07, -1.98007e-14, 0, -1.31134e-07, -3, -4.52987e-07, -3, 1.31134e-07, -28.7312, -9.06808, 21.9379)

[node name="Wall_Mines_A5" parent="SubViewportContainer/SubViewport/Level/World/Terrain/Walls" instance=ExtResource("3_4wuft")]
transform = Transform3D(-1, 0, -8.74228e-08, 0, 1, 0, 8.74228e-08, 0, -1, -3.95412, -1.04602, -2.03147)

[node name="Wall_Mines_A6" parent="SubViewportContainer/SubViewport/Level/World/Terrain/Walls" instance=ExtResource("3_4wuft")]
transform = Transform3D(-1, 0, -8.74228e-08, 0, 1, 0, 8.74228e-08, 0, -1, -0.116319, -1.04602, -2.04294)

[node name="Wall_Mines_A7" parent="SubViewportContainer/SubViewport/Level/World/Terrain/Walls" instance=ExtResource("3_4wuft")]
transform = Transform3D(0.0238564, 0, 0.999715, 0, 1, 0, -0.999715, 0, 0.0238564, 2.17437, -1.04602, 0.0752139)

[node name="Ceilings" type="Node3D" parent="SubViewportContainer/SubViewport/Level/World/Terrain"]

[node name="Wall_Mines_A" parent="SubViewportContainer/SubViewport/Level/World/Terrain/Ceilings" instance=ExtResource("3_4wuft")]
transform = Transform3D(-5.25524e-08, -1.19875, -4.37114e-08, 0, -5.23989e-08, 1, -1.20226, 5.23989e-08, 1.91069e-15, 3.61222, 2.69459, -0.0995646)

[node name="Wall_Mines_A2" parent="SubViewportContainer/SubViewport/Level/World/Terrain/Ceilings" instance=ExtResource("3_4wuft")]
transform = Transform3D(-5.25524e-08, -1.19875, -4.37114e-08, 0, -5.23989e-08, 1, -1.20226, 5.23989e-08, 1.91069e-15, -1.24615, 2.69459, -0.0995646)

[node name="Wall_Mines_A3" parent="SubViewportContainer/SubViewport/Level/World/Terrain/Ceilings" instance=ExtResource("3_4wuft")]
transform = Transform3D(-5.25524e-08, -1.19875, -4.37114e-08, 0, -5.23989e-08, 1, -1.20226, 5.23989e-08, 1.91069e-15, -6.25383, 2.69459, -0.0995646)

[node name="Wall_Mines_A4" parent="SubViewportContainer/SubViewport/Level/World/Terrain/Ceilings" instance=ExtResource("3_4wuft")]
transform = Transform3D(0.589431, -1.066, -3.59149e-08, -1.93678e-15, -5.67118e-08, 1, -0.849629, -0.739541, -2.4916e-08, -10.051, 2.69458, -0.255992)

[node name="Wall_Mines_A5" parent="SubViewportContainer/SubViewport/Level/World/Terrain/Ceilings" instance=ExtResource("3_4wuft")]
transform = Transform3D(0.335364, -1.20392, -4.17137e-08, -2.10176e-15, -5.51453e-08, 1, -1.07087, -0.377032, -1.30635e-08, -15.4949, 2.69459, -2.33875)

[node name="Wall_Mines_A6" parent="SubViewportContainer/SubViewport/Level/World/Terrain/Ceilings" instance=ExtResource("3_4wuft")]
transform = Transform3D(-0.100684, -1.17408, -4.35626e-08, -2.54893e-15, -5.14961e-08, 1, -1.2171, 0.0971257, 3.6037e-09, -18.9253, 2.69459, -5.17038)

[node name="Wall_Mines_A7" parent="SubViewportContainer/SubViewport/Level/World/Terrain/Ceilings" instance=ExtResource("3_4wuft")]
transform = Transform3D(0.465231, -1.15735, -3.94602e-08, -2.02599e-15, -5.60396e-08, 1, -0.976299, -0.551507, -1.88038e-08, -15.202, 2.69459, -7.06617)

[node name="Wall_Mines_A12" parent="SubViewportContainer/SubViewport/Level/World/Terrain/Ceilings" instance=ExtResource("3_4wuft")]
transform = Transform3D(0.465231, -1.15735, -3.94602e-08, -2.02599e-15, -5.60396e-08, 1, -0.976299, -0.551507, -1.88038e-08, -13.5651, 2.69459, -4.63256)

[node name="Wall_Mines_A8" parent="SubViewportContainer/SubViewport/Level/World/Terrain/Ceilings" instance=ExtResource("3_4wuft")]
transform = Transform3D(0.0937599, -1.2135, -4.35738e-08, -4.11214e-15, -5.32114e-08, 1, -1.17897, -0.0965062, -3.4653e-09, -20.3797, 2.69459, -9.38407)

[node name="Wall_Mines_A9" parent="SubViewportContainer/SubViewport/Level/World/Terrain/Ceilings" instance=ExtResource("3_4wuft")]
transform = Transform3D(0.0937599, -1.2135, -4.35738e-08, -4.11214e-15, -5.32114e-08, 1, -1.17897, -0.0965062, -3.4653e-09, -21.6322, 2.69459, -6.60227)

[node name="Wall_Mines_A10" parent="SubViewportContainer/SubViewport/Level/World/Terrain/Ceilings" instance=ExtResource("3_4wuft")]
transform = Transform3D(-0.713731, -0.865066, -3.64945e-08, -4.14343e-15, -4.52909e-08, 1, -1.08264, 0.570298, 2.40591e-08, -24.7227, 2.69459, -7.09156)

[node name="Wall_Mines_A11" parent="SubViewportContainer/SubViewport/Level/World/Terrain/Ceilings" instance=ExtResource("3_4wuft")]
transform = Transform3D(-1.0098, -0.487082, -1.66733e-08, -3.49053e-15, -5.58174e-08, 1, -0.416685, 1.18041, 4.04065e-08, -23.4772, 2.9299, -4.90716)

[node name="Wall_Mines_A13" parent="SubViewportContainer/SubViewport/Level/World/Terrain/Ceilings" instance=ExtResource("3_4wuft")]
transform = Transform3D(-1.09239, -0.00325173, -1.11349e-10, -5.2843e-15, -5.58174e-08, 1, -0.0027847, 1.27695, 4.37112e-08, -27.3399, 2.69459, -5.26365)

[node name="Wall_Mines_A14" parent="SubViewportContainer/SubViewport/Level/World/Terrain/Ceilings" instance=ExtResource("3_4wuft")]
transform = Transform3D(-0.901509, -0.72116, -2.4686e-08, -5.27671e-15, -5.58174e-08, 1, -0.616931, 1.05382, 3.60733e-08, -24.4417, 2.69459, -1.49055)

[node name="Wall_Mines_A15" parent="SubViewportContainer/SubViewport/Level/World/Terrain/Ceilings" instance=ExtResource("3_4wuft")]
transform = Transform3D(-1.08797, 0.114826, 3.93056e-09, -0.00342806, -0.0443846, 0.999391, 0.0981669, 1.27101, 0.0348995, -28.8523, 2.74575, 0.257197)

[node name="Wall_Mines_A16" parent="SubViewportContainer/SubViewport/Level/World/Terrain/Ceilings" instance=ExtResource("3_4wuft")]
transform = Transform3D(-1.08797, 0.114826, 3.64539e-09, -0.0109083, -0.141235, 0.993814, 0.0976191, 1.26392, 0.111053, -28.8523, 2.48603, 5.18143)

[node name="Wall_Mines_A17" parent="SubViewportContainer/SubViewport/Level/World/Terrain/Ceilings" instance=ExtResource("3_4wuft")]
transform = Transform3D(3, 0, 0, 0, -1.31134e-07, 3, 0, -3, -1.31134e-07, -28.5902, 2.24998, 21.7655)

[node name="Pit1" type="Area3D" parent="SubViewportContainer/SubViewport/Level/World/Terrain"]
transform = Transform3D(1, 0, 0, 0, 1, 0, 0, 0, 1, -23.3737, -7.41787, -5.14684)
collision_mask = 3

[node name="CollisionShape3D" type="CollisionShape3D" parent="SubViewportContainer/SubViewport/Level/World/Terrain/Pit1"]
transform = Transform3D(1, 0, 0, 0, 1, 0, 0, 0, 1, -0.365374, -0.258785, 0.228333)
shape = SubResource("BoxShape3D_nc7au")

[node name="Pit2" type="Area3D" parent="SubViewportContainer/SubViewport/Level/World/Terrain"]
transform = Transform3D(1, 0, 0, 0, 1, 0, 0, 0, 1, -29.3266, -7.41787, 16.1259)
collision_mask = 3

[node name="CollisionShape3D" type="CollisionShape3D" parent="SubViewportContainer/SubViewport/Level/World/Terrain/Pit2"]
transform = Transform3D(1, 0, 0, 0, 1, 0, 0, 0, 1, 0.182877, -0.258785, -0.362701)
shape = SubResource("BoxShape3D_nc7au")

[node name="Cave_Platform_A" parent="SubViewportContainer/SubViewport/Level/World/Terrain" instance=ExtResource("4_dd1jn")]
transform = Transform3D(1, 0, 0, 0, 1, 0, 0, 0, 1, -27.7596, -7, 15.6285)

[node name="Cave_Platform_A2" parent="SubViewportContainer/SubViewport/Level/World/Terrain" instance=ExtResource("4_dd1jn")]
transform = Transform3D(1, 0, 0, 0, 1, 0, 0, 0, 1, -27.7596, -8.8145, 15.7507)

[node name="Objects" type="Node3D" parent="SubViewportContainer/SubViewport/Level/World"]

[node name="Mine_Cart_BA" parent="SubViewportContainer/SubViewport/Level/World/Objects" instance=ExtResource("4_32iis")]
transform = Transform3D(-0.369503, 0, -0.929229, 0, 1, 0, 0.929229, 0, -0.369503, -14.1676, 0.322851, -1.25219)
script = ExtResource("5_jovua")

[node name="Mine_Cart_CA" parent="SubViewportContainer/SubViewport/Level/World/Objects" instance=ExtResource("4_u5ec8")]
transform = Transform3D(0.744871, 0.498512, 0.443456, -2.65697e-08, 0.664644, -0.74716, -0.667208, 0.556538, 0.495074, -14.3059, 0.299249, -2.94036)
script = ExtResource("5_jovua")

[node name="Mine_Cart_CA2" parent="SubViewportContainer/SubViewport/Level/World/Objects" instance=ExtResource("4_u5ec8")]
transform = Transform3D(0.0776433, -0.591401, 0.802631, 0.0690149, 0.806319, 0.587441, -0.994589, 0.00978249, 0.10342, -12.7519, 0.299249, -3.18389)
script = ExtResource("5_jovua")

[node name="Mine_Cart_AA" parent="SubViewportContainer/SubViewport/Level/World/Objects" instance=ExtResource("4_dkudx")]
transform = Transform3D(0.633934, 0, 0.773387, 0, 1, 0, -0.773387, 0, 0.633934, -4.52204, 0.433576, 0.435132)
script = ExtResource("3_1knct")

[node name="Panel_Wood_Entrance_B" parent="SubViewportContainer/SubViewport/Level/World/Objects" instance=ExtResource("5_n0lmn")]
transform = Transform3D(0.0554033, 0, 0.998464, 0, 1, 0, -0.998464, 0, 0.0554033, -4.29301, -0.792071, 0.303876)

[node name="Panel_Wood_A" parent="SubViewportContainer/SubViewport/Level/World/Objects" instance=ExtResource("6_n77d6")]
transform = Transform3D(-4.37114e-08, 0, 1, 0, 1, 0, -1, 0, -4.37114e-08, -4.23051, -0.792071, -2.68268)

[node name="Panel_Wood_A2" parent="SubViewportContainer/SubViewport/Level/World/Objects" instance=ExtResource("6_n77d6")]
transform = Transform3D(-4.37114e-08, 0, 1, 0, 1, 0, -1, 0, -4.37114e-08, -4.31927, -0.792071, 3.27189)

[node name="Wood_Platform_45Deg_A" parent="SubViewportContainer/SubViewport/Level/World/Objects" instance=ExtResource("12_m5u0a")]
transform = Transform3D(0.554815, 0, 0.831973, 0, 1, 0, -0.831973, 0, 0.554815, -20.2433, -0.175185, -4.19968)
script = ExtResource("5_jovua")

[node name="Wood_Platform_45Deg_A5" parent="SubViewportContainer/SubViewport/Level/World/Objects" instance=ExtResource("12_m5u0a")]
transform = Transform3D(-0.748332, 0.0587961, 0.660713, 0.241678, 0.951766, 0.189031, -0.61773, 0.301139, -0.726446, -27.9749, -2.29457, 11.8271)
script = ExtResource("5_jovua")

[node name="Wood_Platform_45Deg_A7" parent="SubViewportContainer/SubViewport/Level/World/Objects" instance=ExtResource("12_m5u0a")]
transform = Transform3D(-0.748332, 0.0587961, 0.660713, 0.241678, 0.951766, 0.189031, -0.61773, 0.301139, -0.726446, -27.9749, -3.4821, 19.347)
script = ExtResource("3_1knct")

[node name="Wood_Platform_45Deg_A6" parent="SubViewportContainer/SubViewport/Level/World/Objects" instance=ExtResource("12_m5u0a")]
transform = Transform3D(-0.748332, 0.0587961, 0.660713, -0.64483, 0.16908, -0.745389, -0.155539, -0.983847, -0.0886143, -27.9749, -4.52236, 12.8018)
script = ExtResource("3_1knct")

[node name="Wood_Platform_45Deg_A3" parent="SubViewportContainer/SubViewport/Level/World/Objects" instance=ExtResource("12_m5u0a")]
transform = Transform3D(0.229135, -0.910734, 0.343599, 0.505289, 0.412993, 0.757706, -0.831973, 4.5895e-08, 0.554815, -20.2433, -2.39708, -4.07467)
script = ExtResource("3_1knct")

[node name="Wood_Platform_45Deg_A2" parent="SubViewportContainer/SubViewport/Level/World/Objects" instance=ExtResource("12_m5u0a")]
transform = Transform3D(0.554815, 0, 0.831973, 0, 1, 0, -0.831973, 0, 0.554815, -24.3786, -0.175185, -3.36973)
script = ExtResource("5_jovua")

[node name="Wood_Platform_45Deg_A4" parent="SubViewportContainer/SubViewport/Level/World/Objects" instance=ExtResource("12_m5u0a")]
transform = Transform3D(0.178844, 0.946621, 0.268185, -0.5252, 0.322348, -0.787563, -0.831973, 0, 0.554815, -25.3615, -4.00981, -3.36973)
script = ExtResource("3_1knct")

[node name="Player" parent="SubViewportContainer/SubViewport" instance=ExtResource("3_xgt5b")]
transform = Transform3D(0.197389, 0, 1.99023, 0, 2, 0, -1.99023, 0, 0.197389, 0, 0.952023, 0)

[node name="AudioStreamPlayer" type="AudioStreamPlayer" parent="SubViewportContainer/SubViewport/Player"]
stream = ExtResource("13_i12so")
volume_db = -5.426
autoplay = true
parameters/looping = true

[connection signal="body_entered" from="SubViewportContainer/SubViewport/Level/World/Terrain/Pit1" to="SubViewportContainer/SubViewport/Player" method="_on_pit_1_body_entered"]
[connection signal="body_entered" from="SubViewportContainer/SubViewport/Level/World/Terrain/Pit2" to="SubViewportContainer/SubViewport/Player" method="_on_pit_2_body_entered"]
